ShrineSmallFire,-18016,-18006,14107,14117
StonePlantMound3,-18030,-18019,14081,14090
StonePlantMound4,-17956,-17949,14101,14108
P_WitchDungeon,-18141,-18124,14038,14072
RLCraft_SwampHut,-18199,-18167,14069,14109
StoneLeafMound,-17936,-17929,14021,14030
ShrineSmallAir,-18143,-18135,14313,14321
StoneMazeSpiderRoom,-18013,-18008,14333,14338
StoneMazeLitRoom,-18031,-18026,14330,14335
StoneMazePath,-18028,-18026,14327,14329
StoneMazePath,-18025,-18023,14327,14329
StoneMazePath,-18019,-18017,14333,14335
StoneMazePath,-18022,-18020,14327,14329
StoneMazePathBig,-18031,-18023,14318,14326
StoneMazePath,-18031,-18029,14327,14329
StoneMazePath,-18022,-18020,14321,14323
StoneMazePath,-18028,-18026,14315,14317
StoneMazeEndChest,-18025,-18023,14333,14335
StoneMazePath,-18025,-18023,14330,14332
StoneMazePath,-18022,-18020,14324,14326
StoneMazePath,-18034,-18032,14321,14323
StoneMazePath,-18022,-18020,14330,14332
StoneMazePath,-18019,-18017,14330,14332
StoneMazePath,-18016,-18014,14330,14332
StoneMazePath,-18016,-18014,14333,14335
StoneMazePath,-18022,-18020,14333,14335
StoneMazeSpiderRoom,-18013,-18008,14327,14332
StoneMazePath,-18034,-18032,14333,14335
StoneMazePath,-18019,-18017,14327,14329
StoneMazePath,-18034,-18032,14330,14332
StoneMazePath,-18016,-18014,14327,14329
StoneMazePath,-18034,-18032,14318,14320
StoneMazeShootingRange,-18007,-17999,14330,14335
StoneMazePath,-18034,-18032,14324,14326
StoneMazePath,-18007,-18005,14327,14329
StoneMazeSpiderRoom,-18019,-18014,14321,14326
StoneMazePath,-18031,-18029,14315,14317
StoneMazePathBig,-18043,-18035,14321,14329
StoneMazePath,-18034,-18032,14315,14317
StoneMazePath,-18004,-18002,14327,14329
StoneMazePath,-18040,-18038,14318,14320
StoneMazePathBig,-18007,-17999,14318,14326
StoneMazeEndChest,-18001,-17999,14327,14329
StoneMazePath,-18004,-18002,14315,14317
StoneMazePath,-18010,-18008,14321,14323
StoneMazePath,-18013,-18011,14321,14323
StoneMazePath,-18046,-18044,14324,14326
StoneMazePath,-18046,-18044,14321,14323
StoneMazePath,-18040,-18038,14315,14317
StoneMazePath,-18007,-18005,14315,14317
StoneMazeEndChest,-18001,-17999,14315,14317
StoneMazePath,-18043,-18041,14315,14317
StoneMazePath,-18046,-18044,14315,14317
StoneMazeEndChest,-18046,-18044,14318,14320
StoneMazeSpiderRoom,-18013,-18008,14315,14320
RLCraft_DecentSkeleton,-18189,-18189,14242,14242
RLCraft_UndergroundRuin2,-18194,-18184,14240,14247
WitchTower,-18221,-18207,13985,14001
StonePlantMound,-18008,-18003,13920,13925
StoneLeafMound,-18096,-18087,13942,13949
RLCraft_SmallUndergroundSkeleton,-18058,-18050,13922,13930
StonePlantMound3,-18123,-18114,13951,13962
DinosaurSkeleton,-18165,-18156,13916,13962
StonePlantBoulder,-18120,-18110,13885,13895
StonePlantMound2,-18108,-18095,13877,13889
